5.679537364840373526e-01
5.992431835835360099e-01
6.137776782750733462e-01
6.142238765536528478e-01
6.248101329893047673e-01
6.281705745250676376e-01
6.289716491753912786e-01
6.389845878723708905e-01
6.490926551440945325e-01
6.598825114909756540e-01
6.664346704131802746e-01
6.711106329620587507e-01
6.739962259277130219e-01
6.795849807883541649e-01
6.799412497234146313e-01
6.852107378772225310e-01
6.854813010460280021e-01
6.873038591865915370e-01
6.881981666623436800e-01
6.883157448630705666e-01
6.884509389813778801e-01
6.891431663523767126e-01
6.936682297027307875e-01
6.948522039854273524e-01
6.966462964984597717e-01
6.982205671873744635e-01
6.992901679823103622e-01
7.003691947964089115e-01
7.009846501832980303e-01
7.052840258709950350e-01
7.058434846494950898e-01
7.081618544564427520e-01
7.083151048928278959e-01
7.127141760891716471e-01
7.132865275328892363e-01
7.136191169857833971e-01
7.168447880685479001e-01
7.205328609686846297e-01
7.211240039606587882e-01
7.233623824043403649e-01
7.236806109732182302e-01
7.270681019608470352e-01
7.270828890534303257e-01
7.286331184614933676e-01
7.319451972644570592e-01
7.324969447291441726e-01
7.338397496661056563e-01
7.397490080052229189e-01
7.407833607006334420e-01
7.418927738269096572e-01
7.436019634056917349e-01
7.436085087612837041e-01
7.436283909642067425e-01
7.481947072827770384e-01
7.489091308032848060e-01
7.490102470906088161e-01
7.520629794664861478e-01
7.543858886140372144e-01
7.568351756106955763e-01
7.603336527737540873e-01
7.626058008095599750e-01
7.631067497495381824e-01
7.633634091799540444e-01
7.676064544024160385e-01
7.680922381928437792e-01
7.690618340423520660e-01
7.733511178276512021e-01
7.734386199755668434e-01
7.748738660683630597e-01
7.790961527926951735e-01
7.817468954801777281e-01
7.821856752587564854e-01
7.823049565348870749e-01
7.824926477543409087e-01
7.852221540460475602e-01
7.863671458556745764e-01
7.865936300722918828e-01
7.872221484449114515e-01
7.874174725981404332e-01
7.876241331360953613e-01
7.879561185522899747e-01
7.892849542392247342e-01
7.899334312115217083e-01
7.903359536041661970e-01
7.903951380784955960e-01
7.918858283935062969e-01
7.938433991561082426e-01
7.966964233323249323e-01
7.984437517891808112e-01
7.986505141603207347e-01
8.000144377220336223e-01
8.024242970657228247e-01
8.026158202382223106e-01
8.051678505494236360e-01
8.137540512575308638e-01
8.142535342213415017e-01
8.146537484676116270e-01
8.147827082936336396e-01
8.162423773020111017e-01
8.167675888315035770e-01
8.179025916506634797e-01
8.212874395895934931e-01
8.214541850744342399e-01
8.217677273349520695e-01
8.235494378701943008e-01
8.250332383702370098e-01
8.293665422674786347e-01
8.297539512948273188e-01
8.314359246187600361e-01
8.316975532063231036e-01
8.371698341280494615e-01
8.372730610431114995e-01
8.386074189185996897e-01
8.386993945458292021e-01
8.392062959362531771e-01
8.392296368632149450e-01
8.393132766731166150e-01
8.404964604055851218e-01
8.410224463834002906e-01
8.411187007722563669e-01
8.480386860909350233e-01
8.480445544247309231e-01
8.482168063718460438e-01
8.500472935007864494e-01
8.503496447703290384e-01
8.535104233537614826e-01
8.557900475135585827e-01
8.565529351007793446e-01
8.595484359092019355e-01
8.634852925635717602e-01
8.684728454244259321e-01
8.687526284211352090e-01
8.730828292876021690e-01
8.805804619859193272e-01
8.818201655810257167e-01
8.831484222174240672e-01
8.838881482381527599e-01
8.953914270512155493e-01
9.007048541742780357e-01
9.014126473127163086e-01
9.031629273511094791e-01
9.090970032194286565e-01
9.174238128941295534e-01
9.176744438979732577e-01
9.416492719252868016e-01
9.687062536456526596e-01
9.697347372481455174e-01
9.748319167632378823e-01
1.015316244017766545e+00
1.067475137079066050e+00
