4.139841953669075036e-01
4.252707766288201796e-01
4.340558656873103605e-01
4.344702192608698721e-01
4.451628592860052414e-01
4.616906814370557166e-01
4.779642452117713325e-01
4.834685108166193457e-01
4.945475694929508670e-01
5.201381499349397863e-01
5.279854074584447998e-01
5.335295430720840004e-01
5.351927372981775122e-01
5.435682733604946248e-01
5.454444424101007050e-01
5.473119096789915705e-01
5.490020335740805058e-01
5.504335942092630773e-01
5.645916099420086320e-01
5.649690228101375000e-01
5.663787803182324110e-01
5.680582954585349231e-01
5.713137357692190665e-01
5.919156643350924618e-01
5.925414640059352145e-01
5.935822310931252455e-01
5.964009534564912451e-01
5.965848843854313355e-01
5.976355872753688070e-01
6.030286207436076351e-01
6.135755029119841497e-01
6.195171112861709295e-01
6.199725032166099048e-01
6.260786621260836515e-01
6.289612512418065737e-01
6.303780961056317800e-01
6.319059019201433980e-01
6.328117871161555996e-01
6.354267636038118949e-01
6.500817860304810569e-01
6.510473000727617920e-01
6.535727687772435734e-01
6.548280885551618358e-01
6.566448135347981996e-01
6.566754249233236473e-01
6.567397634850677957e-01
6.612968695478008696e-01
6.629085537736051359e-01
6.635813127750151974e-01
6.665242305223134656e-01
6.684122389477428205e-01
6.742822013570594075e-01
6.759778019770751323e-01
6.850901808941437521e-01
6.877961494475103299e-01
6.928936459779342361e-01
6.958040328973226218e-01
6.970566574898838796e-01
7.016698558153139365e-01
7.027501616938797158e-01
7.066629007431777243e-01
7.112264558664870284e-01
7.113034945999150427e-01
7.187603471774234309e-01
7.201286532060269252e-01
7.240371694273790570e-01
7.330949742719669038e-01
7.333712354480537154e-01
7.343797394361920583e-01
7.346491189024467738e-01
7.349059013058959478e-01
7.382551885356417598e-01
7.410219942700531082e-01
7.425636237706025877e-01
7.456291834818312703e-01
7.478906859684767428e-01
7.484965121633125884e-01
7.510019342463654102e-01
7.522822591729847463e-01
7.633304150714020908e-01
7.634835147336720418e-01
7.743099205034695842e-01
7.778085166935850836e-01
7.780834744453023477e-01
7.848847182371708753e-01
7.870667164162113982e-01
7.891439193646224703e-01
7.893432974955688630e-01
7.919326308069852827e-01
7.924668808415150645e-01
7.956505897340580002e-01
8.099945249999374042e-01
8.100351452713153710e-01
8.114324357547870736e-01
8.135308300734025444e-01
8.137244743263559732e-01
8.162017669501678840e-01
8.165804734804549270e-01
8.182900223157348885e-01
8.192286993151988161e-01
8.199973374812796756e-01
8.216159322233631546e-01
8.237040333019204352e-01
8.294018525066472192e-01
8.325173332559004935e-01
8.336501135655762784e-01
8.346655915053226016e-01
8.353362976686021790e-01
8.357702325458465920e-01
8.396801707600485276e-01
8.404544348372635643e-01
8.412230092276502535e-01
8.451077004421553296e-01
8.602742958249848249e-01
8.648527354757911123e-01
8.673746338929507749e-01
8.710353775492264417e-01
8.731308275729741109e-01
8.784625477434179208e-01
9.093372943057448365e-01
9.131138996198411295e-01
9.131346313530391834e-01
9.315182155665293617e-01
9.353777032912491407e-01
9.371801508381976120e-01
9.374331603395692492e-01
9.403086518974091979e-01
9.444260898550221883e-01
9.469231295167470641e-01
9.531770664044569852e-01
9.869700034693115187e-01
9.876526132932341717e-01
9.935393475673873764e-01
1.006951548317396750e+00
1.021023684198539838e+00
1.045562677496898241e+00
1.055526295334932696e+00
1.060987799237682161e+00
1.064998080712293627e+00
1.077790797265464118e+00
1.117457416260143166e+00
1.151037529580487551e+00
1.230989732071556597e+00
1.254104727908312844e+00
1.274863571212395907e+00
1.278405185205351957e+00
1.303013749079959593e+00
1.403309831748242420e+00
1.494493760679437289e+00
1.521559197727503365e+00
